1 2 3
1 3 6
1 4 3
1 5 4
1 6 4
1 7 3
1 8 3
1 9 6
1 10 4
1 11 3
1 12 3
1 13 5
1 14 5
1 15 6
1 16 4
1 17 3
1 18 3
1 19 6
1 20 6
1 21 5
1 22 3
1 23 6
1 24 3
1 25 3
1 26 6
1 27 5
1 28 5
1 29 5
1 30 6
1 31 6
1 32 4
1 33 6
1 34 3
1 35 4
1 36 5
1 37 4
1 38 3
1 39 5
1 40 3
1 41 3
1 42 6
1 43 3
1 44 3
1 45 4
1 46 5
1 47 4
1 48 5
1 49 3
1 50 4
1 51 1
1 52 1
1 53 3
1 54 1
1 55 1
1 56 3
1 57 1
1 58 1
1 59 3
1 60 2
1 61 3
1 62 3
1 63 3
1 64 1
1 65 1
1 66 2
1 67 2
1 68 1
1 69 1
1 70 1
1 71 3
1 72 1
1 73 2
1 74 1
1 75 1
1 76 1
1 77 3
1 78 1
1 79 1
1 80 2
1 81 1
1 82 3
1 83 3
1 84 3
1 85 3
1 86 3
1 87 2
1 88 2
1 89 2
1 90 2
1 91 2
1 92 2
1 93 2
1 94 3
1 95 3
1 96 2
1 97 1
1 98 2
1 99 2
1 100 2
2 3 5
2 4 5
2 5 3
2 6 5
2 7 6
2 8 5
2 9 6
2 10 6
2 11 3
2 12 6
2 13 6
2 14 5
2 15 6
2 16 6
2 17 5
2 18 6
2 19 4
2 20 4
2 21 5
2 22 5
2 23 4
2 24 5
2 25 3
2 26 3
2 27 3
2 28 4
2 29 5
2 30 3
2 31 3
2 32 3
2 33 4
2 34 4
2 35 4
2 36 6
2 37 5
2 38 4
2 39 5
2 40 5
2 41 4
2 42 5
2 43 3
2 44 3
2 45 6
2 46 3
2 47 4
2 48 3
2 49 3
2 50 5
2 51 1
2 52 2
2 53 2
2 54 1
2 55 1
2 56 3
2 57 1
2 58 1
2 59 2
2 60 1
2 61 3
2 62 1
2 63 3
2 64 3
2 65 2
2 66 1
2 67 2
2 68 2
2 69 2
2 70 1
2 71 2
2 72 1
2 73 1
2 74 2
2 75 2
2 76 2
2 77 1
2 78 1
2 79 1
2 80 2
2 81 2
2 82 3
2 83 1
2 84 1
2 85 3
2 86 2
2 87 2
2 88 3
2 89 1
2 90 1
2 91 3
2 92 1
2 93 3
2 94 3
2 95 3
2 96 2
2 97 2
2 98 1
2 99 1
2 100 1
3 4 6
3 5 4
3 6 4
3 7 5
3 8 6
3 9 4
3 10 6
3 11 5
3 12 6
3 13 3
3 14 5
3 15 6
3 16 5
3 17 5
3 18 3
3 19 3
3 20 4
3 21 5
3 22 4
3 23 6
3 24 5
3 25 6
3 26 4
3 27 6
3 28 3
3 29 5
3 30 5
3 31 3
3 32 6
3 33 3
3 34 5
3 35 3
3 36 3
3 37 6
3 38 4
3 39 6
3 40 6
3 41 6
3 42 5
3 43 6
3 44 3
3 45 3
3 46 6
3 47 6
3 48 5
3 49 4
3 50 6
3 51 1
3 52 1
3 53 2
3 54 3
3 55 3
3 56 2
3 57 3
3 58 1
3 59 2
3 60 2
3 61 1
3 62 3
3 63 2
3 64 3
3 65 3
3 66 1
3 67 3
3 68 1
3 69 2
3 70 2
3 71 1
3 72 1
3 73 1
3 74 2
3 75 3
3 76 1
3 77 3
3 78 2
3 79 2
3 80 3
3 81 2
3 82 2
3 83 1
3 84 1
3 85 2
3 86 3
3 87 3
3 88 2
3 89 2
3 90 2
3 91 1
3 92 1
3 93 2
3 94 3
3 95 1
3 96 2
3 97 1
3 98 3
3 99 2
3 100 1
4 5 3
4 6 3
4 7 6
4 8 5
4 9 6
4 10 3
4 11 4
4 12 3
4 13 3
4 14 5
4 15 3
4 16 6
4 17 4
4 18 3
4 19 4
4 20 5
4 21 6
4 22 3
4 23 6
4 24 3
4 25 5
4 26 5
4 27 5
4 28 6
4 29 4
4 30 4
4 31 3
4 32 5
4 33 6
4 34 6
4 35 5
4 36 6
4 37 3
4 38 4
4 39 4
4 40 4
4 41 4
4 42 3
4 43 6
4 44 4
4 45 4
4 46 6
4 47 5
4 48 3
4 49 5
4 50 3
4 51 2
4 52 2
4 53 2
4 54 3
4 55 3
4 56 2
4 57 2
4 58 2
4 59 2
4 60 3
4 61 1
4 62 1
4 63 3
4 64 1
4 65 2
4 66 3
4 67 1
4 68 2
4 69 2
4 70 1
4 71 2
4 72 2
4 73 2
4 74 2
4 75 2
4 76 3
4 77 2
4 78 2
4 79 1
4 80 1
4 81 1
4 82 2
4 83 3
4 84 2
4 85 1
4 86 2
4 87 1
4 88 2
4 89 3
4 90 1
4 91 1
4 92 1
4 93 3
4 94 1
4 95 1
4 96 3
4 97 2
4 98 2
4 99 3
4 100 1
5 6 3
5 7 3
5 8 5
5 9 4
5 10 6
5 11 4
5 12 5
5 13 4
5 14 6
5 15 3
5 16 4
5 17 4
5 18 6
5 19 6
5 20 4
5 21 3
5 22 6
5 23 6
5 24 3
5 25 5
5 26 6
5 27 5
5 28 4
5 29 4
5 30 3
5 31 6
5 32 5
5 33 4
5 34 3
5 35 6
5 36 5
5 37 3
5 38 4
5 39 4
5 40 5
5 41 5
5 42 3
5 43 5
5 44 6
5 45 4
5 46 6
5 47 4
5 48 5
5 49 4
5 50 3
5 51 2
5 52 3
5 53 2
5 54 1
5 55 2
5 56 3
5 57 3
5 58 1
5 59 1
5 60 2
5 61 1
5 62 2
5 63 1
5 64 2
5 65 3
5 66 3
5 67 1
5 68 3
5 69 3
5 70 2
5 71 3
5 72 2
5 73 1
5 74 3
5 75 3
5 76 2
5 77 2
5 78 1
5 79 1
5 80 2
5 81 2
5 82 3
5 83 2
5 84 1
5 85 3
5 86 3
5 87 2
5 88 2
5 89 3
5 90 1
5 91 1
5 92 2
5 93 1
5 94 2
5 95 2
5 96 3
5 97 1
5 98 2
5 99 3
5 100 2
6 7 6
6 8 4
6 9 5
6 10 5
6 11 4
6 12 5
6 13 3
6 14 6
6 15 3
6 16 3
6 17 5
6 18 5
6 19 3
6 20 5
6 21 6
6 22 4
6 23 3
6 24 3
6 25 5
6 26 3
6 27 6
6 28 5
6 29 4
6 30 5
6 31 3
6 32 6
6 33 4
6 34 4
6 35 6
6 36 6
6 37 4
6 38 3
6 39 3
6 40 4
6 41 4
6 42 4
6 43 6
6 44 5
6 45 3
6 46 5
6 47 4
6 48 5
6 49 3
6 50 4
6 51 3
6 52 1
6 53 1
6 54 3
6 55 1
6 56 2
6 57 1
6 58 3
6 59 3
6 60 2
6 61 2
6 62 1
6 63 1
6 64 1
6 65 2
6 66 3
6 67 1
6 68 1
6 69 2
6 70 1
6 71 3
6 72 3
6 73 1
6 74 2
6 75 3
6 76 1
6 77 1
6 78 3
6 79 1
6 80 3
6 81 1
6 82 3
6 83 2
6 84 1
6 85 1
6 86 2
6 87 1
6 88 1
6 89 3
6 90 1
6 91 1
6 92 2
6 93 2
6 94 1
6 95 1
6 96 3
6 97 2
6 98 2
6 99 2
6 100 3
7 8 4
7 9 4
7 10 5
7 11 3
7 12 5
7 13 3
7 14 3
7 15 3
7 16 6
7 17 6
7 18 5
7 19 6
7 20 5
7 21 6
7 22 3
7 23 4
7 24 6
7 25 5
7 26 5
7 27 6
7 28 4
7 29 3
7 30 6
7 31 3
7 32 6
7 33 4
7 34 6
7 35 5
7 36 3
7 37 5
7 38 5
7 39 3
7 40 3
7 41 4
7 42 6
7 43 6
7 44 3
7 45 3
7 46 3
7 47 3
7 48 6
7 49 5
7 50 4
7 51 3
7 52 3
7 53 2
7 54 3
7 55 2
7 56 2
7 57 2
7 58 2
7 59 1
7 60 2
7 61 3
7 62 3
7 63 3
7 64 1
7 65 1
7 66 1
7 67 1
7 68 1
7 69 1
7 70 1
7 71 2
7 72 3
7 73 2
7 74 3
7 75 1
7 76 1
7 77 3
7 78 1
7 79 1
7 80 3
7 81 1
7 82 3
7 83 2
7 84 2
7 85 1
7 86 1
7 87 2
7 88 3
7 89 1
7 90 1
7 91 2
7 92 2
7 93 3
7 94 1
7 95 3
7 96 3
7 97 2
7 98 1
7 99 1
7 100 3
8 9 5
8 10 4
8 11 5
8 12 5
8 13 5
8 14 5
8 15 4
8 16 6
8 17 6
8 18 5
8 19 3
8 20 3
8 21 5
8 22 6
8 23 3
8 24 4
8 25 6
8 26 4
8 27 6
8 28 4
8 29 6
8 30 6
8 31 6
8 32 3
8 33 5
8 34 5
8 35 3
8 36 3
8 37 6
8 38 3
8 39 4
8 40 3
8 41 3
8 42 4
8 43 5
8 44 3
8 45 5
8 46 5
8 47 5
8 48 6
8 49 6
8 50 6
8 51 3
8 52 1
8 53 3
8 54 2
8 55 2
8 56 1
8 57 2
8 58 1
8 59 2
8 60 3
8 61 1
8 62 3
8 63 2
8 64 2
8 65 2
8 66 2
8 67 1
8 68 1
8 69 1
8 70 1
8 71 2
8 72 2
8 73 2
8 74 2
8 75 2
8 76 3
8 77 2
8 78 2
8 79 1
8 80 1
8 81 3
8 82 2
8 83 2
8 84 3
8 85 1
8 86 3
8 87 3
8 88 3
8 89 3
8 90 3
8 91 2
8 92 2
8 93 2
8 94 1
8 95 2
8 96 1
8 97 3
8 98 2
8 99 3
8 100 2
9 10 3
9 11 3
9 12 6
9 13 4
9 14 4
9 15 5
9 16 5
9 17 3
9 18 3
9 19 5
9 20 5
9 21 6
9 22 6
9 23 6
9 24 4
9 25 4
9 26 5
9 27 6
9 28 3
9 29 3
9 30 3
9 31 5
9 32 4
9 33 4
9 34 3
9 35 5
9 36 3
9 37 4
9 38 5
9 39 5
9 40 4
9 41 3
9 42 3
9 43 6
9 44 4
9 45 4
9 46 4
9 47 3
9 48 3
9 49 3
9 50 4
9 51 2
9 52 3
9 53 1
9 54 2
9 55 3
9 56 1
9 57 1
9 58 3
9 59 2
9 60 3
9 61 3
9 62 2
9 63 1
9 64 2
9 65 2
9 66 1
9 67 1
9 68 2
9 69 2
9 70 3
9 71 2
9 72 1
9 73 2
9 74 2
9 75 3
9 76 3
9 77 2
9 78 3
9 79 1
9 80 2
9 81 3
9 82 3
9 83 2
9 84 3
9 85 1
9 86 3
9 87 2
9 88 1
9 89 3
9 90 3
9 91 1
9 92 1
9 93 2
9 94 1
9 95 3
9 96 1
9 97 3
9 98 3
9 99 2
9 100 1
10 11 3
10 12 6
10 13 6
10 14 5
10 15 5
10 16 3
10 17 4
10 18 3
10 19 6
10 20 3
10 21 4
10 22 5
10 23 6
10 24 4
10 25 6
10 26 4
10 27 5
10 28 4
10 29 3
10 30 4
10 31 6
10 32 4
10 33 6
10 34 4
10 35 6
10 36 3
10 37 5
10 38 5
10 39 6
10 40 3
10 41 5
10 42 5
10 43 4
10 44 5
10 45 3
10 46 4
10 47 6
10 48 6
10 49 3
10 50 5
10 51 3
10 52 3
10 53 3
10 54 3
10 55 2
10 56 2
10 57 3
10 58 3
10 59 1
10 60 3
10 61 1
10 62 2
10 63 1
10 64 1
10 65 2
10 66 1
10 67 1
10 68 3
10 69 1
10 70 3
10 71 1
10 72 2
10 73 3
10 74 2
10 75 3
10 76 1
10 77 2
10 78 3
10 79 2
10 80 2
10 81 3
10 82 1
10 83 1
10 84 1
10 85 3
10 86 3
10 87 2
10 88 3
10 89 2
10 90 3
10 91 3
10 92 1
10 93 2
10 94 3
10 95 2
10 96 1
10 97 3
10 98 1
10 99 1
10 100 3
11 12 4
11 13 4
11 14 3
11 15 6
11 16 4
11 17 4
11 18 4
11 19 6
11 20 3
11 21 5
11 22 5
11 23 4
11 24 4
11 25 5
11 26 4
11 27 6
11 28 4
11 29 4
11 30 4
11 31 6
11 32 4
11 33 4
11 34 4
11 35 5
11 36 5
11 37 6
11 38 3
11 39 5
11 40 3
11 41 4
11 42 3
11 43 3
11 44 5
11 45 4
11 46 5
11 47 5
11 48 3
11 49 6
11 50 6
11 51 2
11 52 3
11 53 3
11 54 1
11 55 1
11 56 2
11 57 1
11 58 1
11 59 1
11 60 1
11 61 3
11 62 1
11 63 3
11 64 2
11 65 2
11 66 2
11 67 1
11 68 2
11 69 1
11 70 2
11 71 2
11 72 3
11 73 1
11 74 2
11 75 2
11 76 1
11 77 2
11 78 3
11 79 2
11 80 1
11 81 3
11 82 3
11 83 3
11 84 2
11 85 2
11 86 2
11 87 3
11 88 1
11 89 3
11 90 2
11 91 3
11 92 2
11 93 2
11 94 2
11 95 2
11 96 2
11 97 1
11 98 3
11 99 1
11 100 2
12 13 3
12 14 4
12 15 4
12 16 3
12 17 4
12 18 3
12 19 5
12 20 5
12 21 6
12 22 4
12 23 5
12 24 3
12 25 5
12 26 4
12 27 5
12 28 6
12 29 5
12 30 5
12 31 3
12 32 5
12 33 5
12 34 6
12 35 3
12 36 4
12 37 4
12 38 6
12 39 3
12 40 5
12 41 4
12 42 4
12 43 4
12 44 4
12 45 6
12 46 5
12 47 6
12 48 6
12 49 5
12 50 3
12 51 2
12 52 2
12 53 3
12 54 2
12 55 2
12 56 2
12 57 3
12 58 2
12 59 3
12 60 3
12 61 3
12 62 3
12 63 3
12 64 1
12 65 2
12 66 1
12 67 1
12 68 1
12 69 3
12 70 3
12 71 2
12 72 2
12 73 1
12 74 2
12 75 3
12 76 3
12 77 3
12 78 3
12 79 1
12 80 1
12 81 2
12 82 2
12 83 2
12 84 3
12 85 1
12 86 3
12 87 1
12 88 3
12 89 2
12 90 3
12 91 1
12 92 1
12 93 1
12 94 3
12 95 3
12 96 2
12 97 1
12 98 2
12 99 3
12 100 2
13 14 3
13 15 3
13 16 5
13 17 6
13 18 6
13 19 6
13 20 5
13 21 4
13 22 3
13 23 5
13 24 6
13 25 4
13 26 6
13 27 3
13 28 5
13 29 4
13 30 4
13 31 3
13 32 4
13 33 5
13 34 6
13 35 6
13 36 6
13 37 3
13 38 3
13 39 4
13 40 6
13 41 3
13 42 5
13 43 4
13 44 5
13 45 5
13 46 5
13 47 3
13 48 6
13 49 3
13 50 4
13 51 3
13 52 1
13 53 1
13 54 2
13 55 1
13 56 3
13 57 3
13 58 1
13 59 3
13 60 1
13 61 2
13 62 2
13 63 1
13 64 2
13 65 1
13 66 1
13 67 3
13 68 1
13 69 3
13 70 1
13 71 3
13 72 1
13 73 1
13 74 1
13 75 3
13 76 1
13 77 3
13 78 2
13 79 2
13 80 3
13 81 1
13 82 2
13 83 3
13 84 3
13 85 3
13 86 3
13 87 3
13 88 1
13 89 1
13 90 1
13 91 2
13 92 1
13 93 3
13 94 1
13 95 2
13 96 3
13 97 3
13 98 2
13 99 3
13 100 2
14 15 6
14 16 4
14 17 4
14 18 5
14 19 6
14 20 5
14 21 4
14 22 3
14 23 4
14 24 4
14 25 4
14 26 6
14 27 6
14 28 5
14 29 6
14 30 5
14 31 6
14 32 5
14 33 4
14 34 6
14 35 3
14 36 4
14 37 5
14 38 3
14 39 4
14 40 5
14 41 5
14 42 3
14 43 6
14 44 3
14 45 5
14 46 6
14 47 6
14 48 3
14 49 5
14 50 5
14 51 2
14 52 2
14 53 3
14 54 1
14 55 3
14 56 1
14 57 3
14 58 2
14 59 2
14 60 1
14 61 1
14 62 1
14 63 1
14 64 1
14 65 3
14 66 2
14 67 3
14 68 3
14 69 3
14 70 1
14 71 3
14 72 1
14 73 3
14 74 1
14 75 1
14 76 1
14 77 2
14 78 2
14 79 3
14 80 1
14 81 2
14 82 2
14 83 1
14 84 3
14 85 2
14 86 3
14 87 3
14 88 1
14 89 3
14 90 3
14 91 3
14 92 2
14 93 3
14 94 1
14 95 2
14 96 3
14 97 2
14 98 2
14 99 1
14 100 1
15 16 4
15 17 5
15 18 6
15 19 6
15 20 4
15 21 3
15 22 5
15 23 6
15 24 6
15 25 5
15 26 6
15 27 5
15 28 4
15 29 6
15 30 3
15 31 3
15 32 4
15 33 4
15 34 6
15 35 6
15 36 5
15 37 6
15 38 5
15 39 4
15 40 6
15 41 3
15 42 3
15 43 3
15 44 3
15 45 4
15 46 5
15 47 5
15 48 5
15 49 4
15 50 3
15 51 1
15 52 1
15 53 1
15 54 2
15 55 1
15 56 1
15 57 1
15 58 3
15 59 2
15 60 2
15 61 3
15 62 2
15 63 3
15 64 3
15 65 2
15 66 2
15 67 2
15 68 3
15 69 3
15 70 3
15 71 1
15 72 3
15 73 1
15 74 2
15 75 1
15 76 1
15 77 1
15 78 3
15 79 3
15 80 2
15 81 2
15 82 3
15 83 3
15 84 3
15 85 3
15 86 1
15 87 3
15 88 1
15 89 3
15 90 3
15 91 2
15 92 3
15 93 2
15 94 3
15 95 1
15 96 1
15 97 1
15 98 2
15 99 2
15 100 1
16 17 3
16 18 4
16 19 4
16 20 4
16 21 6
16 22 6
16 23 6
16 24 3
16 25 4
16 26 5
16 27 6
16 28 3
16 29 3
16 30 6
16 31 4
16 32 3
16 33 3
16 34 6
16 35 6
16 36 3
16 37 4
16 38 5
16 39 4
16 40 4
16 41 6
16 42 6
16 43 4
16 44 6
16 45 6
16 46 5
16 47 5
16 48 4
16 49 5
16 50 3
16 51 3
16 52 3
16 53 2
16 54 3
16 55 3
16 56 2
16 57 3
16 58 3
16 59 2
16 60 2
16 61 3
16 62 3
16 63 3
16 64 3
16 65 1
16 66 3
16 67 3
16 68 2
16 69 3
16 70 3
16 71 3
16 72 1
16 73 1
16 74 1
16 75 3
16 76 1
16 77 1
16 78 2
16 79 3
16 80 2
16 81 1
16 82 2
16 83 1
16 84 2
16 85 1
16 86 1
16 87 1
16 88 1
16 89 3
16 90 3
16 91 1
16 92 1
16 93 1
16 94 1
16 95 1
16 96 3
16 97 1
16 98 1
16 99 2
16 100 3
17 18 3
17 19 6
17 20 6
17 21 3
17 22 6
17 23 3
17 24 3
17 25 6
17 26 4
17 27 3
17 28 3
17 29 3
17 30 3
17 31 5
17 32 3
17 33 5
17 34 6
17 35 3
17 36 3
17 37 3
17 38 6
17 39 6
17 40 5
17 41 4
17 42 6
17 43 4
17 44 5
17 45 6
17 46 6
17 47 6
17 48 3
17 49 3
17 50 6
17 51 1
17 52 2
17 53 3
17 54 3
17 55 3
17 56 2
17 57 2
17 58 3
17 59 1
17 60 3
17 61 1
17 62 2
17 63 2
17 64 1
17 65 2
17 66 2
17 67 2
17 68 2
17 69 2
17 70 1
17 71 1
17 72 1
17 73 1
17 74 2
17 75 1
17 76 1
17 77 3
17 78 1
17 79 3
17 80 2
17 81 1
17 82 3
17 83 1
17 84 3
17 85 2
17 86 1
17 87 3
17 88 3
17 89 2
17 90 3
17 91 3
17 92 3
17 93 3
17 94 3
17 95 1
17 96 2
17 97 1
17 98 2
17 99 3
17 100 2
18 19 6
18 20 6
18 21 3
18 22 4
18 23 6
18 24 6
18 25 3
18 26 6
18 27 6
18 28 3
18 29 3
18 30 3
18 31 5
18 32 4
18 33 6
18 34 6
18 35 3
18 36 5
18 37 5
18 38 3
18 39 6
18 40 4
18 41 3
18 42 3
18 43 3
18 44 3
18 45 5
18 46 3
18 47 4
18 48 5
18 49 3
18 50 4
18 51 1
18 52 2
18 53 3
18 54 2
18 55 1
18 56 3
18 57 2
18 58 2
18 59 2
18 60 3
18 61 3
18 62 3
18 63 1
18 64 3
18 65 1
18 66 1
18 67 2
18 68 1
18 69 3
18 70 3
18 71 2
18 72 3
18 73 2
18 74 1
18 75 2
18 76 2
18 77 1
18 78 1
18 79 3
18 80 2
18 81 1
18 82 3
18 83 3
18 84 1
18 85 3
18 86 2
18 87 3
18 88 2
18 89 3
18 90 1
18 91 1
18 92 1
18 93 3
18 94 3
18 95 3
18 96 1
18 97 2
18 98 1
18 99 1
18 100 2
19 20 4
19 21 3
19 22 6
19 23 6
19 24 5
19 25 3
19 26 3
19 27 3
19 28 6
19 29 3
19 30 6
19 31 5
19 32 6
19 33 5
19 34 4
19 35 6
19 36 3
19 37 3
19 38 5
19 39 4
19 40 3
19 41 6
19 42 3
19 43 4
19 44 5
19 45 4
19 46 5
19 47 6
19 48 3
19 49 3
19 50 4
19 51 2
19 52 1
19 53 1
19 54 3
19 55 3
19 56 3
19 57 2
19 58 2
19 59 1
19 60 2
19 61 3
19 62 3
19 63 3
19 64 2
19 65 2
19 66 2
19 67 1
19 68 2
19 69 3
19 70 2
19 71 3
19 72 3
19 73 2
19 74 2
19 75 3
19 76 2
19 77 3
19 78 3
19 79 1
19 80 1
19 81 1
19 82 2
19 83 3
19 84 1
19 85 3
19 86 3
19 87 3
19 88 3
19 89 3
19 90 3
19 91 2
19 92 2
19 93 1
19 94 2
19 95 2
19 96 1
19 97 1
19 98 2
19 99 3
19 100 1
20 21 5
20 22 3
20 23 4
20 24 6
20 25 5
20 26 3
20 27 3
20 28 6
20 29 6
20 30 4
20 31 4
20 32 5
20 33 3
20 34 6
20 35 4
20 36 4
20 37 4
20 38 4
20 39 6
20 40 4
20 41 5
20 42 3
20 43 6
20 44 6
20 45 3
20 46 4
20 47 5
20 48 3
20 49 4
20 50 5
20 51 3
20 52 2
20 53 2
20 54 3
20 55 1
20 56 2
20 57 1
20 58 1
20 59 3
20 60 3
20 61 2
20 62 3
20 63 1
20 64 1
20 65 2
20 66 2
20 67 1
20 68 1
20 69 3
20 70 2
20 71 2
20 72 1
20 73 3
20 74 3
20 75 3
20 76 2
20 77 2
20 78 2
20 79 3
20 80 1
20 81 2
20 82 3
20 83 1
20 84 1
20 85 1
20 86 1
20 87 1
20 88 1
20 89 3
20 90 3
20 91 1
20 92 3
20 93 3
20 94 1
20 95 3
20 96 3
20 97 1
20 98 2
20 99 3
20 100 2
21 22 5
21 23 6
21 24 6
21 25 3
21 26 4
21 27 3
21 28 4
21 29 5
21 30 3
21 31 6
21 32 5
21 33 5
21 34 5
21 35 4
21 36 3
21 37 3
21 38 5
21 39 6
21 40 6
21 41 5
21 42 6
21 43 4
21 44 5
21 45 3
21 46 4
21 47 4
21 48 5
21 49 5
21 50 5
21 51 2
21 52 2
21 53 3
21 54 2
21 55 1
21 56 2
21 57 3
21 58 3
21 59 2
21 60 2
21 61 3
21 62 3
21 63 3
21 64 2
21 65 2
21 66 1
21 67 2
21 68 3
21 69 1
21 70 3
21 71 1
21 72 3
21 73 3
21 74 3
21 75 1
21 76 1
21 77 1
21 78 2
21 79 1
21 80 1
21 81 3
21 82 1
21 83 3
21 84 1
21 85 3
21 86 3
21 87 3
21 88 3
21 89 2
21 90 2
21 91 1
21 92 2
21 93 3
21 94 3
21 95 1
21 96 3
21 97 3
21 98 1
21 99 3
21 100 1
22 23 3
22 24 3
22 25 5
22 26 3
22 27 3
22 28 4
22 29 5
22 30 4
22 31 6
22 32 4
22 33 4
22 34 3
22 35 4
22 36 5
22 37 3
22 38 6
22 39 6
22 40 6
22 41 6
22 42 6
22 43 6
22 44 4
22 45 4
22 46 4
22 47 6
22 48 3
22 49 3
22 50 5
22 51 3
22 52 1
22 53 2
22 54 2
22 55 3
22 56 2
22 57 1
22 58 3
22 59 3
22 60 1
22 61 1
22 62 3
22 63 1
22 64 1
22 65 1
22 66 3
22 67 3
22 68 3
22 69 1
22 70 1
22 71 1
22 72 3
22 73 3
22 74 3
22 75 3
22 76 2
22 77 2
22 78 2
22 79 2
22 80 2
22 81 2
22 82 2
22 83 1
22 84 1
22 85 3
22 86 2
22 87 2
22 88 3
22 89 2
22 90 2
22 91 2
22 92 1
22 93 1
22 94 1
22 95 3
22 96 3
22 97 1
22 98 1
22 99 3
22 100 3
23 24 5
23 25 3
23 26 4
23 27 3
23 28 5
23 29 4
23 30 4
23 31 4
23 32 3
23 33 6
23 34 6
23 35 5
23 36 3
23 37 4
23 38 4
23 39 3
23 40 5
23 41 3
23 42 4
23 43 5
23 44 4
23 45 5
23 46 6
23 47 6
23 48 6
23 49 3
23 50 5
23 51 3
23 52 3
23 53 3
23 54 1
23 55 3
23 56 3
23 57 1
23 58 1
23 59 1
23 60 3
23 61 2
23 62 2
23 63 3
23 64 1
23 65 2
23 66 2
23 67 3
23 68 1
23 69 2
23 70 2
23 71 1
23 72 2
23 73 1
23 74 1
23 75 3
23 76 1
23 77 3
23 78 3
23 79 3
23 80 1
23 81 1
23 82 3
23 83 3
23 84 3
23 85 3
23 86 1
23 87 2
23 88 1
23 89 2
23 90 2
23 91 1
23 92 1
23 93 2
23 94 2
23 95 2
23 96 1
23 97 3
23 98 1
23 99 2
23 100 1
24 25 4
24 26 4
24 27 5
24 28 6
24 29 3
24 30 4
24 31 4
24 32 4
24 33 5
24 34 3
24 35 3
24 36 4
24 37 3
24 38 6
24 39 5
24 40 5
24 41 6
24 42 5
24 43 4
24 44 3
24 45 3
24 46 4
24 47 5
24 48 6
24 49 4
24 50 4
24 51 1
24 52 2
24 53 1
24 54 3
24 55 3
24 56 1
24 57 2
24 58 3
24 59 2
24 60 2
24 61 3
24 62 2
24 63 1
24 64 3
24 65 3
24 66 3
24 67 3
24 68 3
24 69 3
24 70 1
24 71 3
24 72 2
24 73 2
24 74 3
24 75 2
24 76 2
24 77 3
24 78 1
24 79 1
24 80 3
24 81 2
24 82 1
24 83 3
24 84 3
24 85 2
24 86 2
24 87 2
24 88 2
24 89 3
24 90 1
24 91 2
24 92 3
24 93 2
24 94 3
24 95 2
24 96 3
24 97 1
24 98 3
24 99 2
24 100 3
25 26 5
25 27 5
25 28 4
25 29 3
25 30 3
25 31 3
25 32 3
25 33 6
25 34 5
25 35 4
25 36 3
25 37 6
25 38 3
25 39 5
25 40 5
25 41 5
25 42 4
25 43 4
25 44 4
25 45 6
25 46 6
25 47 4
25 48 5
25 49 6
25 50 5
25 51 2
25 52 3
25 53 1
25 54 3
25 55 3
25 56 1
25 57 3
25 58 2
25 59 2
25 60 2
25 61 1
25 62 3
25 63 2
25 64 2
25 65 1
25 66 3
25 67 2
25 68 1
25 69 1
25 70 1
25 71 1
25 72 2
25 73 2
25 74 1
25 75 2
25 76 2
25 77 1
25 78 2
25 79 3
25 80 1
25 81 1
25 82 1
25 83 2
25 84 2
25 85 3
25 86 2
25 87 3
25 88 1
25 89 2
25 90 3
25 91 2
25 92 1
25 93 1
25 94 1
25 95 3
25 96 3
25 97 3
25 98 3
25 99 1
25 100 3
26 27 5
26 28 5
26 29 5
26 30 4
26 31 3
26 32 6
26 33 6
26 34 4
26 35 6
26 36 3
26 37 4
26 38 4
26 39 4
26 40 4
26 41 4
26 42 4
26 43 5
26 44 5
26 45 5
26 46 3
26 47 3
26 48 4
26 49 5
26 50 6
26 51 2
26 52 1
26 53 3
26 54 2
26 55 2
26 56 3
26 57 1
26 58 1
26 59 3
26 60 3
26 61 1
26 62 3
26 63 3
26 64 3
26 65 3
26 66 3
26 67 2
26 68 3
26 69 2
26 70 3
26 71 2
26 72 3
26 73 2
26 74 2
26 75 3
26 76 1
26 77 3
26 78 1
26 79 3
26 80 1
26 81 3
26 82 1
26 83 2
26 84 1
26 85 1
26 86 3
26 87 1
26 88 3
26 89 3
26 90 1
26 91 2
26 92 1
26 93 3
26 94 1
26 95 2
26 96 1
26 97 2
26 98 3
26 99 1
26 100 2
27 28 3
27 29 4
27 30 5
27 31 3
27 32 4
27 33 4
27 34 3
27 35 6
27 36 6
27 37 4
27 38 4
27 39 6
27 40 3
27 41 3
27 42 6
27 43 5
27 44 5
27 45 4
27 46 5
27 47 3
27 48 6
27 49 6
27 50 6
27 51 3
27 52 2
27 53 2
27 54 2
27 55 2
27 56 2
27 57 2
27 58 2
27 59 1
27 60 1
27 61 1
27 62 3
27 63 1
27 64 1
27 65 3
27 66 2
27 67 3
27 68 3
27 69 1
27 70 1
27 71 2
27 72 1
27 73 3
27 74 2
27 75 1
27 76 2
27 77 3
27 78 3
27 79 3
27 80 3
27 81 3
27 82 2
27 83 3
27 84 3
27 85 3
27 86 1
27 87 1
27 88 3
27 89 1
27 90 2
27 91 1
27 92 1
27 93 1
27 94 2
27 95 1
27 96 3
27 97 1
27 98 1
27 99 3
27 100 1
28 29 3
28 30 5
28 31 5
28 32 6
28 33 6
28 34 4
28 35 4
28 36 6
28 37 4
28 38 6
28 39 4
28 40 3
28 41 6
28 42 4
28 43 3
28 44 6
28 45 6
28 46 6
28 47 6
28 48 6
28 49 4
28 50 6
28 51 3
28 52 3
28 53 3
28 54 2
28 55 1
28 56 3
28 57 3
28 58 3
28 59 3
28 60 1
28 61 2
28 62 3
28 63 2
28 64 3
28 65 2
28 66 3
28 67 2
28 68 2
28 69 3
28 70 3
28 71 3
28 72 1
28 73 2
28 74 2
28 75 3
28 76 1
28 77 2
28 78 2
28 79 2
28 80 2
28 81 3
28 82 1
28 83 1
28 84 3
28 85 2
28 86 1
28 87 1
28 88 3
28 89 3
28 90 2
28 91 2
28 92 3
28 93 3
28 94 3
28 95 2
28 96 1
28 97 1
28 98 3
28 99 1
28 100 3
29 30 5
29 31 5
29 32 5
29 33 5
29 34 3
29 35 3
29 36 6
29 37 4
29 38 5
29 39 3
29 40 5
29 41 4
29 42 6
29 43 5
29 44 4
29 45 5
29 46 4
29 47 5
29 48 6
29 49 4
29 50 3
29 51 3
29 52 1
29 53 3
29 54 2
29 55 3
29 56 1
29 57 1
29 58 3
29 59 3
29 60 1
29 61 2
29 62 2
29 63 1
29 64 2
29 65 1
29 66 1
29 67 1
29 68 2
29 69 1
29 70 3
29 71 1
29 72 2
29 73 1
29 74 1
29 75 2
29 76 1
29 77 2
29 78 2
29 79 1
29 80 3
29 81 3
29 82 3
29 83 1
29 84 1
29 85 1
29 86 1
29 87 2
29 88 1
29 89 2
29 90 2
29 91 3
29 92 2
29 93 2
29 94 2
29 95 3
29 96 3
29 97 1
29 98 3
29 99 3
29 100 2
30 31 6
30 32 4
30 33 5
30 34 3
30 35 4
30 36 6
30 37 4
30 38 4
30 39 3
30 40 4
30 41 5
30 42 3
30 43 6
30 44 5
30 45 4
30 46 6
30 47 3
30 48 6
30 49 3
30 50 3
30 51 2
30 52 1
30 53 1
30 54 1
30 55 2
30 56 1
30 57 1
30 58 2
30 59 1
30 60 1
30 61 2
30 62 1
30 63 1
30 64 2
30 65 2
30 66 3
30 67 1
30 68 1
30 69 1
30 70 2
30 71 3
30 72 1
30 73 2
30 74 1
30 75 1
30 76 3
30 77 2
30 78 2
30 79 2
30 80 2
30 81 3
30 82 1
30 83 3
30 84 3
30 85 3
30 86 2
30 87 2
30 88 3
30 89 2
30 90 2
30 91 3
30 92 1
30 93 2
30 94 3
30 95 1
30 96 3
30 97 3
30 98 3
30 99 3
30 100 3
31 32 5
31 33 3
31 34 6
31 35 6
31 36 3
31 37 6
31 38 5
31 39 3
31 40 6
31 41 3
31 42 5
31 43 6
31 44 3
31 45 3
31 46 4
31 47 5
31 48 5
31 49 4
31 50 4
31 51 2
31 52 3
31 53 1
31 54 1
31 55 3
31 56 1
31 57 1
31 58 1
31 59 1
31 60 2
31 61 3
31 62 1
31 63 3
31 64 3
31 65 3
31 66 2
31 67 2
31 68 3
31 69 2
31 70 3
31 71 2
31 72 3
31 73 1
31 74 1
31 75 2
31 76 1
31 77 2
31 78 3
31 79 2
31 80 1
31 81 2
31 82 3
31 83 2
31 84 3
31 85 2
31 86 1
31 87 2
31 88 3
31 89 3
31 90 2
31 91 3
31 92 2
31 93 1
31 94 2
31 95 2
31 96 3
31 97 1
31 98 1
31 99 3
31 100 3
32 33 6
32 34 3
32 35 5
32 36 4
32 37 4
32 38 4
32 39 5
32 40 6
32 41 6
32 42 3
32 43 6
32 44 6
32 45 6
32 46 4
32 47 3
32 48 6
32 49 6
32 50 6
32 51 2
32 52 2
32 53 2
32 54 2
32 55 3
32 56 3
32 57 3
32 58 1
32 59 2
32 60 2
32 61 3
32 62 3
32 63 3
32 64 2
32 65 1
32 66 1
32 67 2
32 68 1
32 69 2
32 70 2
32 71 2
32 72 1
32 73 1
32 74 3
32 75 2
32 76 3
32 77 3
32 78 2
32 79 1
32 80 2
32 81 2
32 82 2
32 83 1
32 84 1
32 85 1
32 86 3
32 87 2
32 88 1
32 89 3
32 90 3
32 91 1
32 92 1
32 93 3
32 94 3
32 95 1
32 96 3
32 97 3
32 98 2
32 99 2
32 100 2
33 34 5
33 35 5
33 36 3
33 37 6
33 38 5
33 39 4
33 40 6
33 41 6
33 42 3
33 43 4
33 44 4
33 45 5
33 46 3
33 47 3
33 48 3
33 49 4
33 50 6
33 51 2
33 52 1
33 53 1
33 54 1
33 55 2
33 56 3
33 57 1
33 58 2
33 59 2
33 60 1
33 61 3
33 62 1
33 63 3
33 64 3
33 65 1
33 66 3
33 67 1
33 68 3
33 69 2
33 70 2
33 71 3
33 72 1
33 73 1
33 74 3
33 75 2
33 76 3
33 77 1
33 78 2
33 79 1
33 80 2
33 81 3
33 82 1
33 83 1
33 84 1
33 85 2
33 86 3
33 87 2
33 88 1
33 89 3
33 90 2
33 91 3
33 92 3
33 93 3
33 94 3
33 95 2
33 96 2
33 97 3
33 98 3
33 99 2
33 100 2
34 35 5
34 36 6
34 37 6
34 38 3
34 39 4
34 40 4
34 41 5
34 42 4
34 43 4
34 44 5
34 45 5
34 46 3
34 47 3
34 48 5
34 49 6
34 50 6
34 51 1
34 52 2
34 53 1
34 54 3
34 55 1
34 56 1
34 57 3
34 58 1
34 59 2
34 60 3
34 61 1
34 62 2
34 63 3
34 64 2
34 65 2
34 66 1
34 67 1
34 68 3
34 69 3
34 70 2
34 71 3
34 72 3
34 73 2
34 74 3
34 75 3
34 76 3
34 77 3
34 78 3
34 79 2
34 80 2
34 81 1
34 82 1
34 83 3
34 84 2
34 85 2
34 86 2
34 87 3
34 88 2
34 89 3
34 90 2
34 91 1
34 92 2
34 93 2
34 94 2
34 95 3
34 96 1
34 97 1
34 98 2
34 99 2
34 100 3
35 36 6
35 37 5
35 38 5
35 39 6
35 40 5
35 41 4
35 42 5
35 43 5
35 44 4
35 45 4
35 46 5
35 47 5
35 48 4
35 49 3
35 50 6
35 51 3
35 52 1
35 53 2
35 54 3
35 55 3
35 56 3
35 57 3
35 58 1
35 59 2
35 60 1
35 61 2
35 62 1
35 63 1
35 64 1
35 65 2
35 66 2
35 67 1
35 68 3
35 69 3
35 70 1
35 71 2
35 72 2
35 73 1
35 74 1
35 75 2
35 76 3
35 77 2
35 78 3
35 79 3
35 80 2
35 81 2
35 82 2
35 83 3
35 84 1
35 85 2
35 86 3
35 87 2
35 88 1
35 89 1
35 90 2
35 91 2
35 92 1
35 93 1
35 94 1
35 95 1
35 96 3
35 97 2
35 98 3
35 99 3
35 100 2
36 37 4
36 38 3
36 39 3
36 40 6
36 41 6
36 42 6
36 43 6
36 44 3
36 45 3
36 46 6
36 47 3
36 48 4
36 49 3
36 50 5
36 51 2
36 52 2
36 53 2
36 54 1
36 55 3
36 56 3
36 57 3
36 58 3
36 59 2
36 60 2
36 61 2
36 62 2
36 63 2
36 64 2
36 65 3
36 66 3
36 67 2
36 68 1
36 69 2
36 70 2
36 71 2
36 72 1
36 73 1
36 74 3
36 75 3
36 76 1
36 77 2
36 78 3
36 79 3
36 80 3
36 81 1
36 82 3
36 83 1
36 84 1
36 85 1
36 86 1
36 87 3
36 88 3
36 89 3
36 90 1
36 91 1
36 92 2
36 93 3
36 94 2
36 95 3
36 96 2
36 97 2
36 98 2
36 99 1
36 100 3
37 38 6
37 39 5
37 40 5
37 41 6
37 42 3
37 43 4
37 44 6
37 45 5
37 46 5
37 47 5
37 48 4
37 49 6
37 50 4
37 51 1
37 52 1
37 53 2
37 54 1
37 55 1
37 56 1
37 57 2
37 58 2
37 59 2
37 60 1
37 61 3
37 62 3
37 63 2
37 64 2
37 65 1
37 66 3
37 67 2
37 68 3
37 69 1
37 70 1
37 71 2
37 72 1
37 73 1
37 74 3
37 75 2
37 76 3
37 77 2
37 78 2
37 79 1
37 80 3
37 81 3
37 82 1
37 83 3
37 84 2
37 85 2
37 86 1
37 87 3
37 88 3
37 89 1
37 90 2
37 91 2
37 92 2
37 93 2
37 94 3
37 95 1
37 96 3
37 97 2
37 98 2
37 99 2
37 100 2
38 39 5
38 40 5
38 41 6
38 42 3
38 43 6
38 44 5
38 45 6
38 46 5
38 47 4
38 48 3
38 49 6
38 50 4
38 51 1
38 52 3
38 53 1
38 54 2
38 55 1
38 56 2
38 57 3
38 58 1
38 59 3
38 60 2
38 61 3
38 62 2
38 63 2
38 64 2
38 65 3
38 66 1
38 67 3
38 68 3
38 69 1
38 70 3
38 71 3
38 72 2
38 73 2
38 74 3
38 75 1
38 76 2
38 77 3
38 78 1
38 79 1
38 80 1
38 81 2
38 82 3
38 83 3
38 84 3
38 85 1
38 86 1
38 87 1
38 88 3
38 89 2
38 90 3
38 91 1
38 92 3
38 93 1
38 94 2
38 95 2
38 96 3
38 97 1
38 98 2
38 99 3
38 100 2
39 40 6
39 41 3
39 42 3
39 43 6
39 44 4
39 45 6
39 46 5
39 47 4
39 48 4
39 49 3
39 50 6
39 51 3
39 52 2
39 53 2
39 54 1
39 55 2
39 56 3
39 57 3
39 58 3
39 59 1
39 60 3
39 61 2
39 62 3
39 63 1
39 64 3
39 65 3
39 66 3
39 67 3
39 68 2
39 69 2
39 70 2
39 71 3
39 72 1
39 73 2
39 74 3
39 75 3
39 76 3
39 77 1
39 78 3
39 79 1
39 80 3
39 81 2
39 82 2
39 83 2
39 84 2
39 85 3
39 86 2
39 87 3
39 88 1
39 89 2
39 90 3
39 91 2
39 92 3
39 93 1
39 94 1
39 95 1
39 96 1
39 97 2
39 98 2
39 99 2
39 100 2
40 41 3
40 42 5
40 43 3
40 44 3
40 45 6
40 46 6
40 47 6
40 48 5
40 49 6
40 50 6
40 51 3
40 52 1
40 53 1
40 54 1
40 55 3
40 56 2
40 57 1
40 58 2
40 59 3
40 60 3
40 61 3
40 62 3
40 63 2
40 64 3
40 65 1
40 66 1
40 67 2
40 68 3
40 69 3
40 70 2
40 71 1
40 72 3
40 73 1
40 74 3
40 75 1
40 76 1
40 77 2
40 78 3
40 79 2
40 80 2
40 81 2
40 82 3
40 83 2
40 84 3
40 85 3
40 86 1
40 87 1
40 88 3
40 89 1
40 90 2
40 91 1
40 92 3
40 93 1
40 94 2
40 95 1
40 96 1
40 97 1
40 98 1
40 99 3
40 100 1
41 42 4
41 43 5
41 44 5
41 45 5
41 46 4
41 47 4
41 48 5
41 49 5
41 50 3
41 51 1
41 52 3
41 53 3
41 54 2
41 55 3
41 56 3
41 57 3
41 58 2
41 59 1
41 60 1
41 61 1
41 62 3
41 63 2
41 64 1
41 65 2
41 66 3
41 67 1
41 68 3
41 69 2
41 70 2
41 71 1
41 72 1
41 73 1
41 74 2
41 75 2
41 76 3
41 77 2
41 78 3
41 79 3
41 80 1
41 81 3
41 82 2
41 83 1
41 84 2
41 85 1
41 86 2
41 87 2
41 88 1
41 89 3
41 90 1
41 91 2
41 92 1
41 93 2
41 94 2
41 95 1
41 96 3
41 97 1
41 98 2
41 99 1
41 100 1
42 43 4
42 44 6
42 45 3
42 46 3
42 47 4
42 48 3
42 49 6
42 50 4
42 51 2
42 52 3
42 53 1
42 54 2
42 55 2
42 56 1
42 57 1
42 58 1
42 59 2
42 60 3
42 61 3
42 62 1
42 63 2
42 64 3
42 65 2
42 66 3
42 67 1
42 68 1
42 69 3
42 70 1
42 71 2
42 72 2
42 73 2
42 74 1
42 75 1
42 76 1
42 77 1
42 78 1
42 79 1
42 80 1
42 81 2
42 82 1
42 83 2
42 84 2
42 85 3
42 86 2
42 87 2
42 88 2
42 89 2
42 90 1
42 91 3
42 92 3
42 93 1
42 94 3
42 95 1
42 96 1
42 97 1
42 98 2
42 99 3
42 100 2
43 44 6
43 45 5
43 46 4
43 47 5
43 48 3
43 49 5
43 50 6
43 51 2
43 52 1
43 53 2
43 54 1
43 55 2
43 56 2
43 57 2
43 58 1
43 59 3
43 60 3
43 61 1
43 62 1
43 63 2
43 64 1
43 65 1
43 66 1
43 67 2
43 68 1
43 69 1
43 70 2
43 71 3
43 72 3
43 73 1
43 74 1
43 75 2
43 76 1
43 77 1
43 78 1
43 79 3
43 80 2
43 81 2
43 82 2
43 83 1
43 84 1
43 85 3
43 86 1
43 87 1
43 88 3
43 89 3
43 90 1
43 91 3
43 92 3
43 93 3
43 94 2
43 95 3
43 96 3
43 97 2
43 98 3
43 99 2
43 100 2
44 45 6
44 46 6
44 47 3
44 48 6
44 49 3
44 50 3
44 51 2
44 52 2
44 53 2
44 54 1
44 55 1
44 56 2
44 57 2
44 58 1
44 59 3
44 60 3
44 61 2
44 62 3
44 63 1
44 64 1
44 65 1
44 66 1
44 67 3
44 68 3
44 69 2
44 70 3
44 71 1
44 72 2
44 73 2
44 74 1
44 75 3
44 76 1
44 77 2
44 78 1
44 79 3
44 80 1
44 81 2
44 82 2
44 83 2
44 84 3
44 85 3
44 86 1
44 87 3
44 88 3
44 89 3
44 90 3
44 91 1
44 92 1
44 93 2
44 94 1
44 95 2
44 96 1
44 97 3
44 98 3
44 99 1
44 100 2
45 46 6
45 47 5
45 48 4
45 49 4
45 50 5
45 51 3
45 52 3
45 53 3
45 54 2
45 55 3
45 56 2
45 57 2
45 58 2
45 59 2
45 60 1
45 61 1
45 62 3
45 63 2
45 64 1
45 65 1
45 66 1
45 67 3
45 68 3
45 69 1
45 70 2
45 71 3
45 72 3
45 73 1
45 74 3
45 75 2
45 76 1
45 77 3
45 78 2
45 79 2
45 80 2
45 81 3
45 82 1
45 83 2
45 84 1
45 85 2
45 86 3
45 87 2
45 88 1
45 89 3
45 90 1
45 91 3
45 92 3
45 93 3
45 94 1
45 95 3
45 96 2
45 97 2
45 98 1
45 99 3
45 100 3
46 47 4
46 48 5
46 49 4
46 50 6
46 51 3
46 52 3
46 53 1
46 54 3
46 55 2
46 56 2
46 57 3
46 58 1
46 59 1
46 60 3
46 61 2
46 62 2
46 63 3
46 64 1
46 65 3
46 66 1
46 67 1
46 68 3
46 69 2
46 70 2
46 71 1
46 72 1
46 73 3
46 74 2
46 75 1
46 76 1
46 77 1
46 78 1
46 79 2
46 80 2
46 81 3
46 82 1
46 83 3
46 84 3
46 85 2
46 86 1
46 87 2
46 88 2
46 89 3
46 90 2
46 91 3
46 92 2
46 93 2
46 94 1
46 95 1
46 96 2
46 97 3
46 98 1
46 99 1
46 100 2
47 48 6
47 49 4
47 50 4
47 51 1
47 52 2
47 53 1
47 54 1
47 55 1
47 56 1
47 57 1
47 58 2
47 59 2
47 60 2
47 61 1
47 62 3
47 63 1
47 64 3
47 65 3
47 66 2
47 67 3
47 68 3
47 69 1
47 70 1
47 71 2
47 72 1
47 73 2
47 74 2
47 75 2
47 76 3
47 77 1
47 78 1
47 79 3
47 80 1
47 81 3
47 82 2
47 83 3
47 84 3
47 85 2
47 86 3
47 87 3
47 88 2
47 89 1
47 90 3
47 91 3
47 92 3
47 93 1
47 94 2
47 95 1
47 96 2
47 97 2
47 98 1
47 99 2
47 100 2
48 49 5
48 50 3
48 51 2
48 52 1
48 53 3
48 54 3
48 55 2
48 56 3
48 57 1
48 58 1
48 59 1
48 60 2
48 61 2
48 62 1
48 63 2
48 64 1
48 65 3
48 66 3
48 67 1
48 68 3
48 69 3
48 70 3
48 71 2
48 72 3
48 73 2
48 74 2
48 75 2
48 76 1
48 77 2
48 78 1
48 79 1
48 80 3
48 81 1
48 82 1
48 83 2
48 84 3
48 85 2
48 86 1
48 87 3
48 88 3
48 89 2
48 90 2
48 91 2
48 92 2
48 93 2
48 94 2
48 95 3
48 96 1
48 97 2
48 98 1
48 99 2
48 100 2
49 50 5
49 51 2
49 52 2
49 53 3
49 54 3
49 55 1
49 56 3
49 57 2
49 58 3
49 59 2
49 60 3
49 61 3
49 62 2
49 63 1
49 64 2
49 65 3
49 66 1
49 67 3
49 68 1
49 69 1
49 70 1
49 71 3
49 72 1
49 73 1
49 74 1
49 75 1
49 76 1
49 77 1
49 78 1
49 79 1
49 80 2
49 81 1
49 82 1
49 83 2
49 84 2
49 85 3
49 86 2
49 87 2
49 88 2
49 89 1
49 90 2
49 91 2
49 92 1
49 93 3
49 94 1
49 95 3
49 96 2
49 97 2
49 98 2
49 99 3
49 100 1
50 51 1
50 52 2
50 53 3
50 54 2
50 55 1
50 56 3
50 57 1
50 58 2
50 59 3
50 60 2
50 61 2
50 62 3
50 63 1
50 64 2
50 65 1
50 66 2
50 67 3
50 68 2
50 69 3
50 70 3
50 71 1
50 72 2
50 73 3
50 74 2
50 75 1
50 76 3
50 77 1
50 78 1
50 79 3
50 80 1
50 81 3
50 82 2
50 83 2
50 84 3
50 85 2
50 86 3
50 87 2
50 88 2
50 89 1
50 90 1
50 91 3
50 92 2
50 93 3
50 94 1
50 95 1
50 96 2
50 97 1
50 98 1
50 99 3
50 100 1
51 52 3
51 53 2
51 54 3
51 55 2
51 56 1
51 57 2
51 58 3
51 59 2
51 60 2
51 61 2
51 62 1
51 63 1
51 64 3
51 65 3
51 66 3
51 67 1
51 68 1
51 69 1
51 70 2
51 71 1
51 72 1
51 73 1
51 74 3
51 75 2
51 76 3
51 77 2
51 78 3
51 79 2
51 80 2
51 81 3
51 82 3
51 83 1
51 84 1
51 85 1
51 86 2
51 87 3
51 88 1
51 89 2
51 90 1
51 91 3
51 92 1
51 93 1
51 94 2
51 95 2
51 96 1
51 97 3
51 98 1
51 99 3
51 100 3
52 53 4
52 54 5
52 55 5
52 56 3
52 57 5
52 58 4
52 59 3
52 60 5
52 61 6
52 62 6
52 63 4
52 64 5
52 65 3
52 66 3
52 67 5
52 68 6
52 69 5
52 70 4
52 71 3
52 72 5
52 73 6
52 74 3
52 75 3
52 76 3
52 77 4
52 78 3
52 79 6
52 80 3
52 81 5
52 82 5
52 83 5
52 84 3
52 85 6
52 86 6
52 87 3
52 88 5
52 89 6
52 90 3
52 91 4
52 92 5
52 93 3
52 94 4
52 95 6
52 96 5
52 97 5
52 98 5
52 99 3
52 100 4
53 54 5
53 55 5
53 56 3
53 57 4
53 58 5
53 59 5
53 60 5
53 61 5
53 62 3
53 63 3
53 64 6
53 65 6
53 66 3
53 67 4
53 68 4
53 69 3
53 70 5
53 71 6
53 72 6
53 73 3
53 74 4
53 75 4
53 76 4
53 77 4
53 78 6
53 79 6
53 80 3
53 81 3
53 82 5
53 83 4
53 84 4
53 85 4
53 86 4
53 87 3
53 88 3
53 89 3
53 90 3
53 91 4
53 92 4
53 93 6
53 94 6
53 95 3
53 96 5
53 97 4
53 98 5
53 99 5
53 100 5
54 55 5
54 56 6
54 57 6
54 58 4
54 59 3
54 60 6
54 61 6
54 62 4
54 63 4
54 64 6
54 65 5
54 66 3
54 67 4
54 68 3
54 69 5
54 70 6
54 71 6
54 72 4
54 73 4
54 74 6
54 75 3
54 76 5
54 77 5
54 78 4
54 79 3
54 80 5
54 81 4
54 82 4
54 83 3
54 84 5
54 85 4
54 86 5
54 87 5
54 88 4
54 89 5
54 90 3
54 91 4
54 92 6
54 93 5
54 94 6
54 95 5
54 96 4
54 97 4
54 98 5
54 99 4
54 100 6
55 56 6
55 57 4
55 58 4
55 59 6
55 60 5
55 61 6
55 62 6
55 63 4
55 64 3
55 65 4
55 66 6
55 67 5
55 68 6
55 69 5
55 70 5
55 71 4
55 72 3
55 73 6
55 74 3
55 75 4
55 76 5
55 77 4
55 78 4
55 79 4
55 80 3
55 81 5
55 82 6
55 83 4
55 84 5
55 85 4
55 86 5
55 87 3
55 88 5
55 89 4
55 90 5
55 91 6
55 92 4
55 93 6
55 94 5
55 95 5
55 96 5
55 97 5
55 98 4
55 99 6
55 100 4
56 57 6
56 58 3
56 59 6
56 60 5
56 61 4
56 62 3
56 63 4
56 64 6
56 65 3
56 66 5
56 67 5
56 68 4
56 69 6
56 70 5
56 71 6
56 72 5
56 73 5
56 74 4
56 75 4
56 76 3
56 77 6
56 78 6
56 79 3
56 80 6
56 81 4
56 82 3
56 83 6
56 84 6
56 85 4
56 86 5
56 87 6
56 88 3
56 89 6
56 90 6
56 91 4
56 92 3
56 93 4
56 94 6
56 95 5
56 96 5
56 97 4
56 98 4
56 99 3
56 100 4
57 58 3
57 59 5
57 60 3
57 61 6
57 62 5
57 63 3
57 64 4
57 65 6
57 66 3
57 67 3
57 68 4
57 69 6
57 70 3
57 71 6
57 72 6
57 73 4
57 74 4
57 75 4
57 76 4
57 77 5
57 78 3
57 79 5
57 80 6
57 81 3
57 82 4
57 83 5
57 84 6
57 85 3
57 86 4
57 87 6
57 88 3
57 89 4
57 90 3
57 91 5
57 92 4
57 93 3
57 94 3
57 95 4
57 96 5
57 97 4
57 98 6
57 99 4
57 100 4
58 59 4
58 60 6
58 61 6
58 62 3
58 63 6
58 64 3
58 65 5
58 66 6
58 67 5
58 68 5
58 69 4
58 70 6
58 71 5
58 72 4
58 73 4
58 74 4
58 75 3
58 76 3
58 77 3
58 78 5
58 79 3
58 80 5
58 81 5
58 82 5
58 83 3
58 84 4
58 85 6
58 86 3
58 87 3
58 88 6
58 89 3
58 90 4
58 91 3
58 92 4
58 93 3
58 94 3
58 95 6
58 96 5
58 97 4
58 98 4
58 99 3
58 100 3
59 60 6
59 61 6
59 62 5
59 63 3
59 64 4
59 65 4
59 66 4
59 67 4
59 68 4
59 69 6
59 70 6
59 71 6
59 72 5
59 73 5
59 74 4
59 75 4
59 76 4
59 77 3
59 78 3
59 79 4
59 80 4
59 81 5
59 82 5
59 83 4
59 84 4
59 85 6
59 86 4
59 87 5
59 88 4
59 89 6
59 90 6
59 91 6
59 92 5
59 93 3
59 94 5
59 95 4
59 96 4
59 97 6
59 98 4
59 99 6
59 100 6
60 61 6
60 62 6
60 63 6
60 64 5
60 65 6
60 66 3
60 67 6
60 68 5
60 69 4
60 70 4
60 71 3
60 72 5
60 73 5
60 74 6
60 75 5
60 76 3
60 77 5
60 78 3
60 79 4
60 80 4
60 81 4
60 82 3
60 83 3
60 84 6
60 85 3
60 86 5
60 87 3
60 88 6
60 89 3
60 90 3
60 91 5
60 92 3
60 93 4
60 94 4
60 95 5
60 96 3
60 97 5
60 98 4
60 99 5
60 100 5
61 62 5
61 63 4
61 64 4
61 65 6
61 66 6
61 67 5
61 68 5
61 69 3
61 70 6
61 71 5
61 72 5
61 73 3
61 74 3
61 75 3
61 76 6
61 77 6
61 78 5
61 79 6
61 80 3
61 81 4
61 82 4
61 83 4
61 84 3
61 85 5
61 86 4
61 87 5
61 88 4
61 89 3
61 90 4
61 91 3
61 92 5
61 93 3
61 94 6
61 95 3
61 96 5
61 97 5
61 98 3
61 99 5
61 100 4
62 63 6
62 64 3
62 65 3
62 66 4
62 67 3
62 68 6
62 69 4
62 70 3
62 71 6
62 72 4
62 73 5
62 74 3
62 75 6
62 76 6
62 77 3
62 78 3
62 79 5
62 80 6
62 81 6
62 82 6
62 83 6
62 84 3
62 85 4
62 86 4
62 87 4
62 88 3
62 89 3
62 90 3
62 91 6
62 92 6
62 93 4
62 94 5
62 95 5
62 96 5
62 97 6
62 98 5
62 99 6
62 100 3
63 64 6
63 65 3
63 66 5
63 67 5
63 68 5
63 69 4
63 70 5
63 71 4
63 72 4
63 73 4
63 74 5
63 75 4
63 76 4
63 77 3
63 78 5
63 79 4
63 80 6
63 81 3
63 82 4
63 83 5
63 84 4
63 85 5
63 86 6
63 87 5
63 88 3
63 89 6
63 90 5
63 91 6
63 92 5
63 93 5
63 94 4
63 95 6
63 96 4
63 97 6
63 98 6
63 99 4
63 100 5
64 65 3
64 66 4
64 67 4
64 68 4
64 69 3
64 70 4
64 71 3
64 72 3
64 73 4
64 74 6
64 75 6
64 76 3
64 77 5
64 78 5
64 79 4
64 80 3
64 81 6
64 82 3
64 83 5
64 84 3
64 85 4
64 86 6
64 87 4
64 88 3
64 89 3
64 90 6
64 91 6
64 92 6
64 93 4
64 94 3
64 95 5
64 96 4
64 97 4
64 98 6
64 99 3
64 100 6
65 66 3
65 67 5
65 68 4
65 69 3
65 70 6
65 71 6
65 72 3
65 73 3
65 74 5
65 75 5
65 76 4
65 77 4
65 78 6
65 79 3
65 80 5
65 81 6
65 82 6
65 83 3
65 84 5
65 85 3
65 86 6
65 87 4
65 88 6
65 89 5
65 90 4
65 91 6
65 92 5
65 93 3
65 94 5
65 95 4
65 96 5
65 97 3
65 98 3
65 99 3
65 100 4
66 67 6
66 68 6
66 69 3
66 70 4
66 71 3
66 72 5
66 73 5
66 74 5
66 75 6
66 76 4
66 77 4
66 78 4
66 79 4
66 80 3
66 81 3
66 82 4
66 83 4
66 84 5
66 85 3
66 86 5
66 87 6
66 88 6
66 89 3
66 90 5
66 91 5
66 92 6
66 93 6
66 94 4
66 95 6
66 96 6
66 97 4
66 98 5
66 99 4
66 100 4
67 68 6
67 69 5
67 70 3
67 71 3
67 72 5
67 73 4
67 74 4
67 75 6
67 76 6
67 77 4
67 78 4
67 79 3
67 80 4
67 81 5
67 82 5
67 83 3
67 84 5
67 85 4
67 86 5
67 87 4
67 88 4
67 89 3
67 90 6
67 91 6
67 92 3
67 93 5
67 94 4
67 95 5
67 96 5
67 97 5
67 98 3
67 99 4
67 100 6
68 69 6
68 70 5
68 71 3
68 72 3
68 73 3
68 74 6
68 75 5
68 76 3
68 77 5
68 78 5
68 79 4
68 80 4
68 81 5
68 82 5
68 83 3
68 84 5
68 85 4
68 86 4
68 87 5
68 88 3
68 89 3
68 90 4
68 91 6
68 92 3
68 93 5
68 94 4
68 95 6
68 96 5
68 97 6
68 98 5
68 99 6
68 100 3
69 70 4
69 71 4
69 72 4
69 73 6
69 74 3
69 75 6
69 76 5
69 77 4
69 78 6
69 79 4
69 80 4
69 81 4
69 82 6
69 83 6
69 84 5
69 85 4
69 86 4
69 87 4
69 88 3
69 89 3
69 90 6
69 91 4
69 92 6
69 93 5
69 94 6
69 95 3
69 96 3
69 97 6
69 98 3
69 99 6
69 100 6
70 71 6
70 72 3
70 73 6
70 74 5
70 75 3
70 76 5
70 77 4
70 78 3
70 79 3
70 80 6
70 81 4
70 82 6
70 83 6
70 84 6
70 85 6
70 86 4
70 87 4
70 88 4
70 89 6
70 90 3
70 91 5
70 92 4
70 93 6
70 94 6
70 95 4
70 96 4
70 97 4
70 98 3
70 99 3
70 100 5
71 72 5
71 73 6
71 74 4
71 75 6
71 76 4
71 77 5
71 78 6
71 79 3
71 80 5
71 81 4
71 82 5
71 83 4
71 84 4
71 85 5
71 86 3
71 87 4
71 88 5
71 89 4
71 90 3
71 91 6
71 92 6
71 93 6
71 94 5
71 95 6
71 96 3
71 97 3
71 98 3
71 99 6
71 100 5
72 73 6
72 74 5
72 75 3
72 76 5
72 77 3
72 78 5
72 79 5
72 80 6
72 81 3
72 82 6
72 83 3
72 84 6
72 85 5
72 86 4
72 87 3
72 88 3
72 89 5
72 90 3
72 91 3
72 92 5
72 93 4
72 94 5
72 95 6
72 96 4
72 97 4
72 98 4
72 99 6
72 100 4
73 74 4
73 75 4
73 76 6
73 77 6
73 78 6
73 79 3
73 80 4
73 81 5
73 82 4
73 83 3
73 84 6
73 85 4
73 86 4
73 87 4
73 88 6
73 89 4
73 90 4
73 91 3
73 92 5
73 93 4
73 94 5
73 95 5
73 96 4
73 97 3
73 98 3
73 99 6
73 100 6
74 75 4
74 76 4
74 77 3
74 78 3
74 79 5
74 80 3
74 81 5
74 82 3
74 83 3
74 84 4
74 85 3
74 86 6
74 87 4
74 88 4
74 89 4
74 90 4
74 91 3
74 92 4
74 93 6
74 94 4
74 95 3
74 96 4
74 97 5
74 98 4
74 99 5
74 100 4
75 76 5
75 77 3
75 78 6
75 79 3
75 80 6
75 81 4
75 82 5
75 83 5
75 84 6
75 85 5
75 86 3
75 87 6
75 88 3
75 89 3
75 90 6
75 91 3
75 92 4
75 93 5
75 94 6
75 95 3
75 96 6
75 97 6
75 98 6
75 99 6
75 100 6
76 77 6
76 78 5
76 79 4
76 80 3
76 81 6
76 82 3
76 83 5
76 84 5
76 85 3
76 86 3
76 87 6
76 88 5
76 89 4
76 90 4
76 91 5
76 92 4
76 93 5
76 94 3
76 95 5
76 96 5
76 97 4
76 98 3
76 99 4
76 100 3
77 78 5
77 79 5
77 80 6
77 81 4
77 82 4
77 83 6
77 84 6
77 85 6
77 86 6
77 87 4
77 88 5
77 89 4
77 90 3
77 91 5
77 92 5
77 93 6
77 94 5
77 95 5
77 96 3
77 97 3
77 98 6
77 99 6
77 100 3
78 79 3
78 80 4
78 81 3
78 82 5
78 83 5
78 84 5
78 85 4
78 86 6
78 87 5
78 88 5
78 89 3
78 90 5
78 91 3
78 92 6
78 93 5
78 94 4
78 95 3
78 96 5
78 97 5
78 98 4
78 99 5
78 100 6
79 80 5
79 81 5
79 82 3
79 83 6
79 84 6
79 85 6
79 86 3
79 87 3
79 88 5
79 89 5
79 90 4
79 91 3
79 92 4
79 93 3
79 94 4
79 95 4
79 96 3
79 97 5
79 98 6
79 99 3
79 100 6
80 81 6
80 82 5
80 83 3
80 84 4
80 85 3
80 86 5
80 87 6
80 88 6
80 89 3
80 90 4
80 91 6
80 92 4
80 93 3
80 94 5
80 95 6
80 96 6
80 97 5
80 98 3
80 99 5
80 100 5
81 82 4
81 83 3
81 84 5
81 85 4
81 86 5
81 87 5
81 88 4
81 89 4
81 90 6
81 91 5
81 92 3
81 93 5
81 94 5
81 95 6
81 96 4
81 97 6
81 98 6
81 99 4
81 100 5
82 83 3
82 84 3
82 85 5
82 86 6
82 87 5
82 88 4
82 89 3
82 90 3
82 91 6
82 92 4
82 93 5
82 94 6
82 95 4
82 96 5
82 97 6
82 98 3
82 99 3
82 100 6
83 84 4
83 85 3
83 86 3
83 87 6
83 88 5
83 89 4
83 90 5
83 91 6
83 92 6
83 93 4
83 94 4
83 95 5
83 96 4
83 97 5
83 98 4
83 99 4
83 100 4
84 85 3
84 86 5
84 87 5
84 88 4
84 89 3
84 90 5
84 91 5
84 92 6
84 93 6
84 94 4
84 95 3
84 96 6
84 97 6
84 98 4
84 99 6
84 100 6
85 86 6
85 87 4
85 88 5
85 89 3
85 90 3
85 91 4
85 92 3
85 93 3
85 94 3
85 95 4
85 96 5
85 97 4
85 98 3
85 99 3
85 100 4
86 87 5
86 88 3
86 89 5
86 90 4
86 91 5
86 92 3
86 93 6
86 94 4
86 95 6
86 96 6
86 97 3
86 98 3
86 99 6
86 100 3
87 88 5
87 89 5
87 90 5
87 91 4
87 92 4
87 93 6
87 94 3
87 95 5
87 96 3
87 97 3
87 98 6
87 99 3
87 100 3
88 89 5
88 90 6
88 91 3
88 92 5
88 93 4
88 94 6
88 95 3
88 96 6
88 97 5
88 98 6
88 99 4
88 100 5
89 90 3
89 91 6
89 92 4
89 93 5
89 94 4
89 95 4
89 96 5
89 97 6
89 98 6
89 99 5
89 100 4
90 91 4
90 92 5
90 93 6
90 94 5
90 95 5
90 96 3
90 97 5
90 98 3
90 99 3
90 100 3
91 92 6
91 93 4
91 94 4
91 95 4
91 96 3
91 97 6
91 98 3
91 99 5
91 100 6
92 93 3
92 94 4
92 95 6
92 96 6
92 97 4
92 98 3
92 99 4
92 100 4
93 94 5
93 95 6
93 96 3
93 97 3
93 98 5
93 99 6
93 100 5
94 95 5
94 96 5
94 97 4
94 98 4
94 99 6
94 100 3
95 96 4
95 97 4
95 98 3
95 99 6
95 100 4
96 97 3
96 98 3
96 99 6
96 100 4
97 98 3
97 99 4
97 100 4
98 99 4
98 100 5
99 100 6
