1 2 6
1 3 5
1 4 3
1 5 4
1 6 3
1 7 6
1 8 3
1 9 3
1 10 3
1 11 6
1 12 4
1 13 3
1 14 4
1 15 6
1 16 3
1 17 4
1 18 3
1 19 4
1 20 5
1 21 5
1 22 5
1 23 6
1 24 3
1 25 6
1 26 3
1 27 3
1 28 3
1 29 2
1 30 3
1 31 3
1 32 1
1 33 3
1 34 1
1 35 3
1 36 2
1 37 2
1 38 3
1 39 2
1 40 1
1 41 2
1 42 1
1 43 3
1 44 3
1 45 1
1 46 1
1 47 2
1 48 2
1 49 1
1 50 2
2 3 6
2 4 5
2 5 3
2 6 5
2 7 3
2 8 3
2 9 4
2 10 4
2 11 4
2 12 5
2 13 3
2 14 6
2 15 6
2 16 6
2 17 3
2 18 4
2 19 5
2 20 5
2 21 6
2 22 5
2 23 4
2 24 4
2 25 6
2 26 2
2 27 2
2 28 1
2 29 2
2 30 2
2 31 2
2 32 2
2 33 2
2 34 3
2 35 3
2 36 3
2 37 3
2 38 1
2 39 2
2 40 1
2 41 1
2 42 3
2 43 3
2 44 3
2 45 3
2 46 3
2 47 3
2 48 1
2 49 1
2 50 1
3 4 6
3 5 4
3 6 4
3 7 5
3 8 3
3 9 3
3 10 5
3 11 4
3 12 4
3 13 4
3 14 3
3 15 6
3 16 5
3 17 3
3 18 4
3 19 6
3 20 3
3 21 6
3 22 4
3 23 5
3 24 5
3 25 5
3 26 1
3 27 2
3 28 3
3 29 1
3 30 2
3 31 1
3 32 1
3 33 3
3 34 1
3 35 2
3 36 2
3 37 2
3 38 1
3 39 3
3 40 3
3 41 2
3 42 1
3 43 3
3 44 3
3 45 1
3 46 2
3 47 1
3 48 3
3 49 1
3 50 3
4 5 4
4 6 6
4 7 4
4 8 5
4 9 4
4 10 5
4 11 5
4 12 3
4 13 3
4 14 4
4 15 6
4 16 6
4 17 5
4 18 3
4 19 5
4 20 3
4 21 6
4 22 4
4 23 6
4 24 6
4 25 6
4 26 2
4 27 1
4 28 3
4 29 1
4 30 3
4 31 2
4 32 3
4 33 1
4 34 2
4 35 3
4 36 3
4 37 2
4 38 3
4 39 2
4 40 2
4 41 1
4 42 1
4 43 3
4 44 1
4 45 2
4 46 1
4 47 1
4 48 1
4 49 1
4 50 3
5 6 5
5 7 4
5 8 5
5 9 3
5 10 3
5 11 4
5 12 6
5 13 4
5 14 6
5 15 6
5 16 6
5 17 5
5 18 6
5 19 4
5 20 4
5 21 4
5 22 4
5 23 6
5 24 3
5 25 5
5 26 3
5 27 2
5 28 2
5 29 1
5 30 3
5 31 1
5 32 2
5 33 2
5 34 2
5 35 3
5 36 3
5 37 2
5 38 2
5 39 3
5 40 1
5 41 1
5 42 1
5 43 1
5 44 1
5 45 3
5 46 2
5 47 2
5 48 3
5 49 2
5 50 3
6 7 6
6 8 6
6 9 6
6 10 6
6 11 4
6 12 4
6 13 3
6 14 4
6 15 3
6 16 3
6 17 4
6 18 6
6 19 6
6 20 3
6 21 6
6 22 6
6 23 6
6 24 6
6 25 6
6 26 1
6 27 2
6 28 1
6 29 3
6 30 1
6 31 3
6 32 1
6 33 1
6 34 2
6 35 2
6 36 3
6 37 3
6 38 3
6 39 1
6 40 2
6 41 1
6 42 2
6 43 3
6 44 1
6 45 2
6 46 1
6 47 2
6 48 3
6 49 3
6 50 3
7 8 6
7 9 5
7 10 4
7 11 5
7 12 6
7 13 4
7 14 5
7 15 5
7 16 3
7 17 3
7 18 6
7 19 4
7 20 3
7 21 6
7 22 4
7 23 4
7 24 4
7 25 3
7 26 1
7 27 1
7 28 1
7 29 1
7 30 2
7 31 1
7 32 2
7 33 1
7 34 3
7 35 2
7 36 3
7 37 1
7 38 1
7 39 3
7 40 2
7 41 3
7 42 3
7 43 2
7 44 1
7 45 3
7 46 2
7 47 1
7 48 2
7 49 1
7 50 2
8 9 6
8 10 4
8 11 4
8 12 5
8 13 3
8 14 3
8 15 4
8 16 4
8 17 5
8 18 4
8 19 5
8 20 6
8 21 5
8 22 5
8 23 6
8 24 3
8 25 6
8 26 2
8 27 1
8 28 3
8 29 2
8 30 2
8 31 3
8 32 1
8 33 2
8 34 2
8 35 2
8 36 2
8 37 3
8 38 1
8 39 1
8 40 2
8 41 1
8 42 1
8 43 3
8 44 3
8 45 3
8 46 2
8 47 3
8 48 1
8 49 2
8 50 2
9 10 3
9 11 3
9 12 3
9 13 5
9 14 5
9 15 4
9 16 5
9 17 6
9 18 6
9 19 3
9 20 3
9 21 5
9 22 6
9 23 3
9 24 5
9 25 4
9 26 2
9 27 1
9 28 1
9 29 2
9 30 3
9 31 2
9 32 3
9 33 1
9 34 1
9 35 1
9 36 1
9 37 2
9 38 2
9 39 3
9 40 3
9 41 1
9 42 2
9 43 3
9 44 2
9 45 3
9 46 3
9 47 3
9 48 2
9 49 3
9 50 3
10 11 3
10 12 5
10 13 3
10 14 3
10 15 3
10 16 3
10 17 3
10 18 4
10 19 5
10 20 4
10 21 4
10 22 6
10 23 3
10 24 6
10 25 4
10 26 2
10 27 3
10 28 2
10 29 1
10 30 2
10 31 1
10 32 1
10 33 3
10 34 2
10 35 2
10 36 1
10 37 1
10 38 3
10 39 2
10 40 3
10 41 3
10 42 2
10 43 3
10 44 3
10 45 3
10 46 1
10 47 1
10 48 2
10 49 2
10 50 2
11 12 4
11 13 5
11 14 3
11 15 4
11 16 5
11 17 3
11 18 6
11 19 4
11 20 4
11 21 5
11 22 5
11 23 4
11 24 3
11 25 5
11 26 3
11 27 1
11 28 2
11 29 3
11 30 2
11 31 3
11 32 1
11 33 2
11 34 3
11 35 3
11 36 1
11 37 1
11 38 1
11 39 2
11 40 3
11 41 3
11 42 3
11 43 1
11 44 1
11 45 3
11 46 2
11 47 3
11 48 1
11 49 1
11 50 1
12 13 5
12 14 5
12 15 6
12 16 5
12 17 6
12 18 3
12 19 5
12 20 3
12 21 3
12 22 6
12 23 5
12 24 3
12 25 4
12 26 1
12 27 1
12 28 2
12 29 1
12 30 1
12 31 1
12 32 1
12 33 2
12 34 1
12 35 2
12 36 3
12 37 1
12 38 1
12 39 2
12 40 3
12 41 2
12 42 1
12 43 1
12 44 1
12 45 3
12 46 3
12 47 2
12 48 1
12 49 3
12 50 3
13 14 3
13 15 4
13 16 6
13 17 6
13 18 6
13 19 5
13 20 6
13 21 3
13 22 3
13 23 6
13 24 3
13 25 4
13 26 1
13 27 1
13 28 1
13 29 3
13 30 2
13 31 1
13 32 2
13 33 1
13 34 2
13 35 3
13 36 2
13 37 2
13 38 3
13 39 2
13 40 1
13 41 1
13 42 1
13 43 3
13 44 3
13 45 3
13 46 2
13 47 1
13 48 2
13 49 2
13 50 3
14 15 6
14 16 6
14 17 5
14 18 3
14 19 6
14 20 4
14 21 3
14 22 3
14 23 3
14 24 6
14 25 6
14 26 2
14 27 1
14 28 1
14 29 2
14 30 3
14 31 1
14 32 3
14 33 2
14 34 1
14 35 2
14 36 1
14 37 3
14 38 1
14 39 2
14 40 1
14 41 2
14 42 2
14 43 3
14 44 2
14 45 1
14 46 1
14 47 3
14 48 1
14 49 2
14 50 3
15 16 4
15 17 5
15 18 3
15 19 6
15 20 3
15 21 4
15 22 3
15 23 5
15 24 3
15 25 5
15 26 3
15 27 2
15 28 3
15 29 1
15 30 3
15 31 1
15 32 1
15 33 1
15 34 2
15 35 3
15 36 1
15 37 2
15 38 3
15 39 2
15 40 2
15 41 2
15 42 1
15 43 3
15 44 1
15 45 2
15 46 2
15 47 2
15 48 1
15 49 1
15 50 3
16 17 3
16 18 3
16 19 6
16 20 6
16 21 5
16 22 3
16 23 6
16 24 6
16 25 6
16 26 1
16 27 3
16 28 1
16 29 3
16 30 3
16 31 1
16 32 1
16 33 1
16 34 3
16 35 2
16 36 3
16 37 2
16 38 3
16 39 1
16 40 3
16 41 2
16 42 1
16 43 1
16 44 2
16 45 1
16 46 3
16 47 3
16 48 3
16 49 1
16 50 3
17 18 6
17 19 5
17 20 4
17 21 4
17 22 3
17 23 4
17 24 4
17 25 5
17 26 1
17 27 1
17 28 2
17 29 3
17 30 2
17 31 2
17 32 3
17 33 2
17 34 2
17 35 2
17 36 3
17 37 1
17 38 3
17 39 1
17 40 3
17 41 2
17 42 1
17 43 2
17 44 1
17 45 3
17 46 2
17 47 1
17 48 1
17 49 2
17 50 3
18 19 4
18 20 4
18 21 4
18 22 6
18 23 4
18 24 3
18 25 4
18 26 3
18 27 1
18 28 2
18 29 3
18 30 3
18 31 2
18 32 1
18 33 1
18 34 3
18 35 3
18 36 3
18 37 3
18 38 2
18 39 3
18 40 2
18 41 2
18 42 3
18 43 3
18 44 1
18 45 1
18 46 2
18 47 2
18 48 2
18 49 2
18 50 1
19 20 6
19 21 3
19 22 4
19 23 6
19 24 3
19 25 5
19 26 1
19 27 1
19 28 2
19 29 3
19 30 2
19 31 1
19 32 2
19 33 2
19 34 3
19 35 1
19 36 2
19 37 2
19 38 1
19 39 1
19 40 3
19 41 1
19 42 1
19 43 1
19 44 1
19 45 2
19 46 2
19 47 2
19 48 2
19 49 2
19 50 2
20 21 4
20 22 3
20 23 3
20 24 4
20 25 6
20 26 1
20 27 1
20 28 2
20 29 3
20 30 3
20 31 1
20 32 1
20 33 2
20 34 3
20 35 2
20 36 3
20 37 3
20 38 1
20 39 2
20 40 1
20 41 2
20 42 3
20 43 1
20 44 1
20 45 2
20 46 2
20 47 2
20 48 2
20 49 3
20 50 3
21 22 5
21 23 5
21 24 3
21 25 5
21 26 2
21 27 1
21 28 1
21 29 2
21 30 1
21 31 2
21 32 2
21 33 1
21 34 2
21 35 2
21 36 1
21 37 2
21 38 1
21 39 1
21 40 1
21 41 3
21 42 3
21 43 1
21 44 1
21 45 2
21 46 3
21 47 3
21 48 3
21 49 1
21 50 1
22 23 4
22 24 5
22 25 5
22 26 1
22 27 2
22 28 3
22 29 3
22 30 2
22 31 1
22 32 2
22 33 1
22 34 1
22 35 3
22 36 3
22 37 1
22 38 1
22 39 3
22 40 2
22 41 2
22 42 2
22 43 1
22 44 1
22 45 2
22 46 1
22 47 1
22 48 1
22 49 2
22 50 2
23 24 4
23 25 5
23 26 3
23 27 2
23 28 2
23 29 1
23 30 2
23 31 2
23 32 2
23 33 1
23 34 2
23 35 1
23 36 2
23 37 3
23 38 2
23 39 3
23 40 3
23 41 2
23 42 1
23 43 1
23 44 1
23 45 2
23 46 2
23 47 3
23 48 2
23 49 2
23 50 1
24 25 6
24 26 1
24 27 1
24 28 2
24 29 1
24 30 1
24 31 1
24 32 1
24 33 1
24 34 3
24 35 2
24 36 2
24 37 1
24 38 3
24 39 2
24 40 2
24 41 3
24 42 2
24 43 1
24 44 3
24 45 2
24 46 1
24 47 1
24 48 3
24 49 3
24 50 3
25 26 3
25 27 1
25 28 3
25 29 1
25 30 1
25 31 3
25 32 2
25 33 2
25 34 1
25 35 3
25 36 1
25 37 1
25 38 1
25 39 1
25 40 1
25 41 1
25 42 3
25 43 3
25 44 3
25 45 2
25 46 2
25 47 3
25 48 2
25 49 3
25 50 2
26 27 3
26 28 2
26 29 1
26 30 3
26 31 1
26 32 1
26 33 2
26 34 1
26 35 2
26 36 1
26 37 3
26 38 2
26 39 1
26 40 2
26 41 2
26 42 1
26 43 1
26 44 1
26 45 2
26 46 2
26 47 2
26 48 1
26 49 3
26 50 3
27 28 4
27 29 3
27 30 5
27 31 4
27 32 4
27 33 6
27 34 6
27 35 3
27 36 5
27 37 5
27 38 4
27 39 5
27 40 6
27 41 5
27 42 3
27 43 4
27 44 5
27 45 6
27 46 6
27 47 6
27 48 5
27 49 5
27 50 3
28 29 3
28 30 5
28 31 5
28 32 3
28 33 6
28 34 4
28 35 6
28 36 4
28 37 4
28 38 6
28 39 4
28 40 6
28 41 4
28 42 3
28 43 4
28 44 4
28 45 4
28 46 4
28 47 4
28 48 3
28 49 6
28 50 3
29 30 4
29 31 4
29 32 5
29 33 5
29 34 3
29 35 6
29 36 6
29 37 6
29 38 5
29 39 5
29 40 5
29 41 4
29 42 4
29 43 5
29 44 4
29 45 3
29 46 6
29 47 4
29 48 4
29 49 5
29 50 6
30 31 6
30 32 6
30 33 3
30 34 5
30 35 3
30 36 4
30 37 4
30 38 3
30 39 4
30 40 6
30 41 4
30 42 5
30 43 4
30 44 3
30 45 6
30 46 3
30 47 5
30 48 4
30 49 6
30 50 4
31 32 6
31 33 5
31 34 4
31 35 4
31 36 6
31 37 6
31 38 3
31 39 5
31 40 5
31 41 5
31 42 3
31 43 5
31 44 4
31 45 6
31 46 6
31 47 4
31 48 4
31 49 5
31 50 3
32 33 4
32 34 6
32 35 4
32 36 4
32 37 6
32 38 6
32 39 5
32 40 3
32 41 4
32 42 4
32 43 4
32 44 5
32 45 4
32 46 6
32 47 4
32 48 6
32 49 5
32 50 4
33 34 3
33 35 5
33 36 4
33 37 4
33 38 6
33 39 6
33 40 3
33 41 6
33 42 4
33 43 5
33 44 3
33 45 6
33 46 4
33 47 3
33 48 5
33 49 5
33 50 5
34 35 4
34 36 6
34 37 5
34 38 6
34 39 3
34 40 6
34 41 3
34 42 3
34 43 3
34 44 6
34 45 3
34 46 6
34 47 4
34 48 4
34 49 4
34 50 4
35 36 5
35 37 3
35 38 5
35 39 4
35 40 5
35 41 4
35 42 3
35 43 6
35 44 6
35 45 3
35 46 3
35 47 6
35 48 3
35 49 4
35 50 3
36 37 6
36 38 4
36 39 3
36 40 6
36 41 6
36 42 4
36 43 5
36 44 3
36 45 3
36 46 3
36 47 4
36 48 4
36 49 6
36 50 5
37 38 5
37 39 5
37 40 5
37 41 5
37 42 5
37 43 4
37 44 5
37 45 3
37 46 6
37 47 3
37 48 4
37 49 4
37 50 4
38 39 6
38 40 6
38 41 3
38 42 5
38 43 6
38 44 5
38 45 4
38 46 3
38 47 5
38 48 5
38 49 5
38 50 5
39 40 4
39 41 6
39 42 5
39 43 3
39 44 3
39 45 4
39 46 3
39 47 6
39 48 5
39 49 4
39 50 5
40 41 5
40 42 5
40 43 4
40 44 4
40 45 3
40 46 4
40 47 4
40 48 3
40 49 5
40 50 4
41 42 5
41 43 3
41 44 4
41 45 4
41 46 5
41 47 6
41 48 5
41 49 5
41 50 4
42 43 6
42 44 4
42 45 5
42 46 6
42 47 6
42 48 4
42 49 3
42 50 5
43 44 5
43 45 3
43 46 5
43 47 4
43 48 4
43 49 3
43 50 4
44 45 4
44 46 4
44 47 6
44 48 4
44 49 4
44 50 4
45 46 4
45 47 6
45 48 6
45 49 6
45 50 5
46 47 3
46 48 3
46 49 6
46 50 3
47 48 3
47 49 3
47 50 6
48 49 4
48 50 5
49 50 6
