1 2 6
1 3 5
1 4 4
1 5 3
1 6 6
1 7 6
1 8 3
1 9 5
1 10 4
1 11 3
1 12 4
1 13 5
1 14 1
1 15 1
1 16 2
1 17 2
1 18 3
1 19 3
1 20 2
1 21 1
1 22 3
1 23 2
1 24 1
1 25 2
1 26 2
2 3 5
2 4 5
2 5 3
2 6 5
2 7 3
2 8 3
2 9 6
2 10 3
2 11 3
2 12 3
2 13 5
2 14 2
2 15 3
2 16 1
2 17 2
2 18 3
2 19 3
2 20 2
2 21 1
2 22 2
2 23 1
2 24 1
2 25 1
2 26 1
3 4 3
3 5 4
3 6 4
3 7 6
3 8 5
3 9 6
3 10 4
3 11 4
3 12 4
3 13 6
3 14 3
3 15 1
3 16 3
3 17 3
3 18 1
3 19 3
3 20 2
3 21 2
3 22 3
3 23 3
3 24 1
3 25 2
3 26 1
4 5 6
4 6 4
4 7 3
4 8 5
4 9 4
4 10 4
4 11 3
4 12 5
4 13 3
4 14 3
4 15 2
4 16 3
4 17 1
4 18 1
4 19 1
4 20 2
4 21 2
4 22 1
4 23 2
4 24 3
4 25 3
4 26 1
5 6 5
5 7 3
5 8 6
5 9 6
5 10 3
5 11 6
5 12 3
5 13 4
5 14 2
5 15 3
5 16 1
5 17 3
5 18 3
5 19 3
5 20 2
5 21 1
5 22 1
5 23 3
5 24 3
5 25 3
5 26 3
6 7 6
6 8 4
6 9 3
6 10 6
6 11 6
6 12 4
6 13 6
6 14 1
6 15 2
6 16 1
6 17 3
6 18 2
6 19 2
6 20 2
6 21 3
6 22 2
6 23 1
6 24 2
6 25 1
6 26 1
7 8 4
7 9 4
7 10 4
7 11 6
7 12 3
7 13 4
7 14 1
7 15 3
7 16 1
7 17 1
7 18 2
7 19 2
7 20 3
7 21 1
7 22 2
7 23 1
7 24 3
7 25 2
7 26 1
8 9 6
8 10 4
8 11 6
8 12 5
8 13 4
8 14 2
8 15 2
8 16 1
8 17 1
8 18 2
8 19 2
8 20 3
8 21 1
8 22 3
8 23 2
8 24 1
8 25 1
8 26 2
9 10 6
9 11 5
9 12 3
9 13 6
9 14 2
9 15 1
9 16 3
9 17 3
9 18 3
9 19 3
9 20 3
9 21 3
9 22 2
9 23 3
9 24 3
9 25 1
9 26 3
10 11 4
10 12 3
10 13 3
10 14 2
10 15 2
10 16 1
10 17 1
10 18 2
10 19 1
10 20 2
10 21 3
10 22 3
10 23 2
10 24 1
10 25 2
10 26 2
11 12 4
11 13 3
11 14 3
11 15 1
11 16 3
11 17 2
11 18 3
11 19 2
11 20 1
11 21 2
11 22 1
11 23 1
11 24 3
11 25 2
11 26 2
12 13 3
12 14 2
12 15 2
12 16 3
12 17 3
12 18 2
12 19 3
12 20 2
12 21 3
12 22 1
12 23 1
12 24 1
12 25 2
12 26 1
13 14 1
13 15 1
13 16 1
13 17 3
13 18 2
13 19 2
13 20 2
13 21 1
13 22 3
13 23 2
13 24 3
13 25 1
13 26 3
14 15 3
14 16 3
14 17 3
14 18 1
14 19 2
14 20 1
14 21 1
14 22 1
14 23 2
14 24 2
14 25 3
14 26 1
15 16 4
15 17 6
15 18 5
15 19 5
15 20 3
15 21 3
15 22 4
15 23 3
15 24 4
15 25 4
15 26 4
16 17 3
16 18 5
16 19 3
16 20 4
16 21 3
16 22 4
16 23 5
16 24 4
16 25 5
16 26 5
17 18 6
17 19 4
17 20 4
17 21 3
17 22 5
17 23 3
17 24 6
17 25 6
17 26 5
18 19 6
18 20 4
18 21 5
18 22 3
18 23 3
18 24 3
18 25 3
18 26 6
19 20 5
19 21 6
19 22 5
19 23 6
19 24 4
19 25 4
19 26 3
20 21 5
20 22 3
20 23 4
20 24 5
20 25 4
20 26 6
21 22 3
21 23 5
21 24 4
21 25 5
21 26 6
22 23 6
22 24 4
22 25 3
22 26 4
23 24 4
23 25 5
23 26 5
24 25 5
24 26 6
25 26 6
